 0.0000000000000000001867648427796009987  
 0.000098302173597276278744182265167950163
 0.000203771918691829828683761971497290233
 0.000319287122748963033552760393263270089
 0.000446579244358268165771691515786301352
 0.000585559941221241281837650571873155059
 0.000733747417785008608330510337935947973
 0.000885850463034962135912275815741168117
 0.001033560644918683551693461275533536536
 0.001165591820141686878187226028558143298
 0.001267991564859768547843255070972645626
 0.001324732111601271749776187469649357809
 0.001318569848908015618507705291051479435
 0.001232143488606146208147462672854999255
 0.001049262783704166040674166104906817054
 0.000756323339911420993234014709116763697
 0.000343769689431329254249158910994310645
-0.000192480663828547632820606394510321024
-0.000849744308558324115514259755599368873
-0.001617501791542976050802815635165643471
-0.002476636179645245235819706053348454589
-0.00339905508621893542170466773200132593 
-0.004347754856886853688791028105242730817
-0.005277365272813810612162477298170415452
-0.006135189477729252952031835377511015395
-0.006862728037940022882135160386951611144
-0.007397649434307459852255828280931382324
-0.007676143285659112538987791651834413642
-0.007635568653867674110413688026710588019
-0.007217289257563312687704382142328540795
-0.006369571558520149487381267761065828381
-0.005050411503792678023783135898838736466
-0.003230151955336290226644679890455336135
-0.000893755943422934375636179638036082906
 0.001957389085169168076172585557515049004
 0.00530424417852971234049741511284992157 
 0.009109554437040945709669337304603686789
 0.013318005018982224593737662132753030164
 0.017857123956797515268446474578922789078
 0.022638924436009850993389846962600131519
 0.027562244840782488403130301435339788441
 0.032515711583595403866286943639352102764
 0.037381219187915981638781204310362227261
 0.042037795848171202739429475059296237305
 0.046365702123286438307570023198422859423
 0.050250596633678000502154503692509024404
 0.053587596404223808432831788195471744984
 0.056285061233297919991436231157422298566
 0.058267941180477796081493835345099796541
 0.05948054356340908704892100899996876251 
 0.059888599965491860765975928870830102824
 0.05948054356340908704892100899996876251 
 0.058267941180477796081493835345099796541
 0.056285061233297919991436231157422298566
 0.053587596404223808432831788195471744984
 0.050250596633678000502154503692509024404
 0.046365702123286438307570023198422859423
 0.042037795848171202739429475059296237305
 0.037381219187915981638781204310362227261
 0.032515711583595403866286943639352102764
 0.027562244840782488403130301435339788441
 0.022638924436009850993389846962600131519
 0.017857123956797515268446474578922789078
 0.013318005018982224593737662132753030164
 0.009109554437040945709669337304603686789
 0.00530424417852971234049741511284992157 
 0.001957389085169168076172585557515049004
-0.000893755943422934375636179638036082906
-0.003230151955336290226644679890455336135
-0.005050411503792678023783135898838736466
-0.006369571558520149487381267761065828381
-0.007217289257563312687704382142328540795
-0.007635568653867674110413688026710588019
-0.007676143285659112538987791651834413642
-0.007397649434307459852255828280931382324
-0.006862728037940022882135160386951611144
-0.006135189477729252952031835377511015395
-0.005277365272813810612162477298170415452
-0.004347754856886853688791028105242730817
-0.00339905508621893542170466773200132593 
-0.002476636179645245235819706053348454589
-0.001617501791542976050802815635165643471
-0.000849744308558324115514259755599368873
-0.000192480663828547632820606394510321024
 0.000343769689431329254249158910994310645
 0.000756323339911420993234014709116763697
 0.001049262783704166040674166104906817054
 0.001232143488606146208147462672854999255
 0.001318569848908015618507705291051479435
 0.001324732111601271749776187469649357809
 0.001267991564859768547843255070972645626
 0.001165591820141686878187226028558143298
 0.001033560644918683551693461275533536536
 0.000885850463034962135912275815741168117
 0.000733747417785008608330510337935947973
 0.000585559941221241281837650571873155059
 0.000446579244358268165771691515786301352
 0.000319287122748963033552760393263270089
 0.000203771918691829828683761971497290233
 0.000098302173597276278744182265167950163
 0.0000000000000000001867648427796009987  

                                         

